0.265541942421383
0.343267936856571

0.168897107933298
0.0618049295839783
0.0253644480395516


0.415921454654636
0.115926537060071



0.0413483264496741
0.0168175096924879
0.00961040072039429


0.398861765274843
0.00589313243795608


0.0475378104678187
0.311481350380031
0.43300964846862




0.00509274063925577
0.00257152220335796
0.0476879574856346

0.403064712771499
0.0343140781317707
0.00296624511131924

0.118786388862432
0.368236169792352
0.0231952297348164

0.0451988757752064

0.153230578159434

0.262674965020155
0.0146684391440757

0.353783950126372
0.150480734811873
0.133054393247385

0.41693762199927

0.0970941712173617
0.361329045138572
0.336830456459705




0.235857719661712
0.0711123629957185
0.0106099713733503

0.0420973947606277

0.0999239533675118


0.0127488262097064
0.258027096634535

0.0902474503827798
0.0136638135361727

0.169156499798517

0.0646418875366595
0.0209050758635412

0.219563436646258


0.239421940728657
0.0125048177221486
0.103911003639955

0.0392057464922563


0.0394403994262333
0.0615146235679497
0.000218268768564123

0.00381249199033298
0.31078923150622
0.0050926365000015

0.348192743711749
0.225284839163755
0.0509298273625734

0.401656130904953
0.386883406963451
0.393446705668248

0.00661075842553127
0.326022899884404
0.386061046272059

0.122068428812302
0.0121322440455416
0.0454773983637857

0.171987300178296
0.0122062670514791
0.00366635563508566

0.169261802724721
0.0414737865207138
0.026578134450183

0.0546956232376429
0.217435795507264
0.00200116941933978

0.17275939469028
0.000298875668653942
0.412562296608057

0.293818171211227
0.136287929493957
0.0268678495465939

0.388531968492791
0.403755139353501

0.00584410533145366
0.333151174277784
0.0870581834912494

0.0125273070533131

0.00164286399032768
0.135449784047195
0.0282103793239363

0.437680644996684
0.31781313739463
0.179441206492397

0.0610332743453804
0.00625530708366473
0.156840462095165

0.254645184369307
0.0125561305572924

0.00600922137502954

0.0166443549365979
0.261330256643583
0.0073097774770679



0.314346417227204
0.029017491658785
0.0116922117050715

0.00659880171821273



0.0265935193491242

0.32247507582679

0.016783443120362

0.344807888114461
0.432556085448475
0.337883939825383

0.385705641845262
0.00183020927308114


0.0413549710117006

0.0285025972218542
0.134735154382052
0.0881979691992951

0.0792001506399629
0.378981878243115
0.108763366350202


0.17665598460729
0.0280178270252601


0.282895309527135
0.149725410917643
0.422830327802499

0.175756227273345


0.0290134913601525
0.131530201287285
0.0299563615469347

0.111494455141655


0.284567007835141
0.0729789479608814
0.00953022032660131


0.283693506981254


0.0176580016503295


0.0248745705311543

0.422010478130149
0.0129798956644936
0.190112523315422


0.392301306707933

0.420423157715226
0.00261973013468486
0.189782177684306

0.0320455155435421

0.449109240445083
0.413654756547245

0.0955625916588434




0.178247763793871
0.0198808778513743


0.426473123077659
0.0101856451431708
0.0313664998399946

0.0536673895187412

0.00141828522665802

0.0649143519756478
0.391034538352873

0.100940692733372
0.0139871036251913
0.132930969377258


0.0502758468821166
0.00985029332985687
0.189966541390361

0.0200181085340968
0.0524738377785483
0.0158868864522907





0.353581931316425




0.0791314057783249


0.266020492336481
0.358279652156985
0.0319484690245719

0.00457265636283075
0.365094994295253
0.0390782956318504

0.0830261125049942
0.37620686918924
0.334842001134505

0.441987078889685



0.0602597873591128
0.00533410794053457
0.0682386161668778






0.0422102543419239

0.0798960264517515



0.023294175845243
0.0255295514680952
0.00240878043394949

0.00578331148470809
0.34135089698363
0.335996816517238



0.000984823160328996
0.111159426691141




0.0278593624833911


0.358815583179161
0.0255643847069793


0.0148044071355112
0.111525781439856


0.146448115326145





0.00778618108161974

0.072519093573446
0.301299817005688

0.0137198734905057
0.252640623205636
0.0324399552833626


0.395151349498175



0.132523410809283
0.0204080883927921

0.380169082334667
0.00898964980163069
0.357920577236532

0.010197760529234
0.184524132211894

0.00788947915063648


0.0316646562921565
0.207387661861849
0.391856621965598

0.00964856189599711

0.0768753865456314
0.0457681880279613
0.0120978435963942

0.0808638144858801
0.0203538674533899
0.180455919085164




0.355189531314978


0.0835548255581214
0.00190468643321828
0.376187629124305

0.0307794892981018
0.407971980582674


0.357420868507353
0.0835532611135348
0.065647133693109




0.178806930753526
0.0168920546721164
0.430122529396176


0.0121119066007956
0.0811912941849545

0.0122899261193998
0.0126201018587979
0.00551986420783773


0.0591392123976494
0.343839763670236


0.0275226348594632
0.0126574982954911
0.149227752157946


0.404831514408376
0.306902728666148


0.0662684787346692
0.146513100433396

0.425004979508123
0.260821644233697
0.0344113449508288



0.267226419419178



0.344936445427446
0.246762048901369
0.0334696315071187



0.35381914662689
0.103716678493897
0.0205483098498307

0.44166228979156



0.232604444022878
0.391750812388224
0.0153981721864025

0.0210472251163348


0.0400052864493629
0.382075076943783
0.00938922677551934

0.0416097375927601



0.424933720636193

0.0235913564167869


0.00489979652831168
0.31879448718189





0.40140430424359
0.00122804016176309
0.189121858655383



0.0133368830151464
0.423447733433302
0.333030497323863


0.133339297189944
0.011565133351617
0.00971414423237277




0.0364269996666658
0.305006624210552

0.072576823405
0.206139329205557
0.382324947574529



0.432190604658032
0.0031615341418684
0.00349734732534612

0.00939319865830826
0.448952043053009
0.00710298359200742


0.287924315679882

0.0201200562311401
0.0458693446367498
0.0181641524490294

0.432430084277824

0.0143855987688604
0.0449110389522682
0.0100034816073765


0.115629660322746
0.356666484544983
0.0513449202455836


0.0114715766543371
0.0511747829950392
0.0526938342369596


0.027909598088337
0.160022061872273

0.0142726136015147

0.402314510802087
0.412439339715197
0.011738521148871

0.401085554661526
0.0134716190255184
0.052170305714475

0.0254102539415789
0.225806288618356
0.00601301992554767



0.0149444489978666
0.298500809668059
0.422307599299552

0.0175321249927018


0.0496601015544484
0.0173556254818116
0.350143285389846


0.398549135299534
0.343229204082869
0.400653524068501

0.0198967692252253
0.232932506279306
0.440544933292566



0.185554170846152
0.428305323302847
0.00138627842874239


0.0224498159757246
0.0326401637822364
0.0122503659710973

0.0403473434947286
0.380168416657208
0.124835198351807

0.0270261729095398
0.00198176333316077
0.0498276088964598



0.00297080861657445

0.434405377674703
0.00478166182849829
0.324130282670145


0.0847722042967862
0.428459329775034
0.234509029757547

0.275192919241756
0.144800191803147
0.45159677370027


0.00922056551550249
0.452747868526401


0.0509843012837913
0.0203316746325925
0.392407199676043


0.0995315794116078
0.335677599464065
0.00251532356005316

0.344231713509439
0.248492025806769
0.0234950844733005


0.0772359097350587
0.412588961030996
0.377614007695115


0.394718942916488
0.0733579511513075
0.00325759066011683

0.372215756600964
0.0322554907330562

0.022768010647165
0.0859288987078284
0.00437975725449957

0.0696385644732323
0.440983506235354
0.00179031408006897

0.0104361374559598
0.0105923811882205

0.0159043619229141
0.0380797782153713
0.211235937888149

0.00568477869218481
0.107575858853387

0.0182864879799915

0.410376584971816
0.33599017052756
0.410010079996857

0.102381585664394
0.0325653216174675
0.384381669371087

0.433632992053331
0.178197260653969
0.403133731291821

0.0131469934938123
0.0215492875563699


0.409453627582975

0.0391935909667579

0.0337839566264672


0.384419618316465
0.363140372951788
0.00942724329162503

0.27125610910191
0.0185243562395155
0.0390665522163363




0.0465355983170293
0.118377965457232
0.0100382085986031


0.00632396282830291


0.383136751399053
0.0269217669159155
0.0182935047911498

0.208940298913724
0.394259083303637


0.0525213944255797
0.0227590259256355
0.024198615088583

0.412286974345929
0.0166618287500198
0.0356273539491623

0.145000518190779
0.428870030081873
0.418789209267605

0.406745623711037
0.391031234933352
0.41073348224363

0.283226775329102
0.0521434972307829


0.000797728154025429
0.00623326914138397

0.387380845739444
0.00525221627868339
0.378007943995784


0.0214369287276265
0.286007195749691

0.277353877563909
0.031196699738396
0.0105394677964797

0.0134860457634829
0.0103898530916552
0.0140833778960996


0.0285866845482989
0.427328653436678
0.180955523441543



0.0290657396973674
0.0178926534187975
0.0158248710922679

0.191046640845664
0.389304261563531
0.0269921132528497

0.371505351037834
0.0231300611610536
0.407174891466175

0.148028544506697
0.0756850191072075
0.182184444187277



0.0439205999866124
0.390791123993719
0.0448455307383605

0.357874371179632
0.239709683499118
0.449351018284317

0.0106146059380718
0.0703481979129506
0.17444965535792


0.43137301092573
0.42700798835158
0.00430855841995956

0.346580714920124
0.309370256302306
0.440990982346884

0.0358012562115141
0.355026866064244
0.0119826271565618

0.423927090027834
0.00516671820040371
0.0561387906649023


0.0092098305797948
0.322866598526666
0.300312315408546


0.0519759069546578
0.336270221932814
0.0806323266446595

0.102611719659474
0.374800263440371
0.276978556717492


0.178929625033423
0.0509371717398966
0.0106259038798261

0.158516354618802
0.193134138967251
0.368947142329356

0.043568852450283
0.393531638788589
0.0186512470831891

0.264303965402727
0.408442972125892
0.0771448716176572






0.129731339381074

0.153022784928027
0.415720083506044
0.16873103575769















0.00942204173787056























0.140420401736268








0.0465852940906449
0.00515413056902206
0.150086617802466


0.374738951753712
0.0774261781849835
0.359975442621248



0.355489085647254
0.0602771199572847
0.399301971873876
0.0657023374062011
0.367394757738794
0.181759723023926
0.370371605828791
0.00606461955233856
0.0571816658567659
0.355209625229362
0.0185955646988113
0.120068669223382
0.306547884706776
0.0105354991707056
0.354881582100887
0.0297252603903234
0.0945612957771708
0.154253411314447
0.0589227515961896
0.356609432892469
0.17489504003254
0.155936645249257
0.404454701853596
0.0719300699807654
0.206516367958802
0.0322057505176792
0.012634166291037
0.00352946251658226
0.03128334164262
0.34561550435618
0.0137914911482612
0.341401758230079
0.0234940387664188
0.41607775425223
0.209737255012721
0.207310282679128
0.423444594463826
0.0887821317320465
0.0473263742489823
0.0624958891918069
0.424699717262326
0.0171890644462663
0.326324155439617
0.400151162944265
0.412503321975277
0.0802680432916788
0.268648754715517
0.0449603255252212
0.354964518751669
0.36482935799315
0.0580825459365127
0.28834773888658
0.0300214727155384
0.0718555518862601
0.162408416567143
0.147818622793693
0.0543454059291296
0.0398233240044673
0.378255973836542
0.0396277947468399
0.316010602752708
0.111074547411182
0.156478253359084
0.403609292368184
0.00861074480006505
0.224784787358831
0.116412006031235
0.0435666961046498
0.012307662650183
0.336277652683925
0.237850298902521
0.0990321571405376
0.383939018619893
0.125790598023364
0.398396942212996
0.423401372107679
0.0204297095099697
0.163357474155336
0.00686554734745282
0.0237517547280528
0.142924832508723
0.332790101710446
0.064777279345768
0.385377637304499
0.0392947648438762
0.10363174160964
0.06062187654072
0.0176044373439889
0.194970350602705
0.307422187234085
0.156351134407151
0.095321886748784
0.0280479973849725
0.291193208165349
0.0381485252175134
0.039251547851115
0.017178168320829
0.0602071161683627
0.0576620140929993
0.258970069879496
0.292521039126021
0.353252510151884
0.343261459133844
0.0390490676610452
0.0509380865057949
0.27815425670463
0.260546220668622
0.0244637323187479
0.0239007613437896
0.0722713338559164
0.392800115889222
0.023317325022708
0.337933283200636
0.0844676512631322
0.168103138925671
0.0107327509016519
0.0274837003711146
0.0538588409990717
0.0193209775614731
0.0289944844259998
0.0298760519621442
0.33036231147437
0.0162131832652718
0.0706511491227945
0.0519885462609222
0.321262379358149
0.0193028433223826
0.189020020797241
0.0632039130625418
0.340854225704228
0.386568964674928
0.281768447665677
0.0721765027423819
0.0188522711437932
0.181750084342553
0.110731358289445
0.0130144022576989
0.407576161720256
0.110971095447808
0.334498091703353
0.284133442009795
0.0188709192075341
0.341070519193926
0.0146944122530892
0.262855224448982
0.362268365444663
0.414726800507159
0.0245682144724357
0.257259640741348
0.087559186086228
0.0287030110557147
0.096498928183936
0.081940973797273
0.0249756378022796
0.0328558375227697
0.0337212121445632
0.363755016389227
0.229345520699283
0.0684164713062584
0.083436381526302
0.0242024097182859
0.0893650271805021
0.0510028963868853
0.0250585568394256
0.403695544172261
0.188290656408974
0.214181379773722
0.0179821740324241
0.0129245844210542
0.0134499279163436
0.0447786713548463
0.0378732715690257
0.00190029430067085
0.0088919667250151
0.190065955046418
0.386188034864368
0.0367149213572117
0.0121227817747546
0.0578963795674175
0.0200871421921973
0.0225845284988299
0.0509246196104528
0.39360629416431
0.00665866232322421
0.0254210690533089
0.120117448707856
0.407640790830165
0.318311130757409
0.00659785803508961
0.151473094993524
0.197334001873822
0.0220826321514414
0.0217200710659947
0.0468861606311705
0.3019027163591
0.168867486007681
0.134013584140233
0.176081564463202
0.394312216817584
0.379363862739744
0.402620195942804
0.387657600189294
0.180543890202304
0.404369974120321
0.0429387683681784
0.13252928956761
0.00624247101188494
0.375434597422788
0.0172968873864324
0.0235683648663431
0.143153126051551
0.371362279639932
0.0316076585249195
0.0582678495448206
0.322510863695353
0.207701966904287
0.0139044342487001
0.127181294383664
0.0388113651868384
0.385394691717151
0.261954360014408
0.092998566065272
0.0101465351989686
0.0318724738632526
0.010226518278443
0.369442904511284
0.0782031551549899
0.118672272850413
0.326679096008621
0.199709701593694
0.00146914784332591
0.0649755960498895
0.151884045242922
0.454427519011914
0.455374015998972
0.00649377116240281
0.42661856537991
0.0255364306330345
0.177612494833056
0.223944759938229
0.1187456654963
0.0898208325796591
0.452672708288127
0.0119743309158637
0.0964554573254258
0.436479463425987
0.0133716985490734
0.303521266622352
0.466701092732423
0.00423551994980345
0.369194504552757
0.324850740904407
0.311947250175421
0.25885687521938
0.348328967888955
0.0749575343884843
0.411172547973935
0.330869128300556
0.150439962910626
0.155004352842083
0.311180682493409
0.238298963797241
0.198275551455856
0.247516936979702
0.3218054419155
0.0828459493230127
0.379615111618257
0.344181533577132
0.136577223630748
0.12211649208644
0.3049848110811
0.10611559489967
0.435705285581114
0.197331365084667
0.338974568325456
0.152811781013008
0.0621612640872349
0.0549281038045143
0.00249710616545379
0.552753410942173
0.275538843223775
0.139759830616349
0.0928032890914386
0.386647471990757
0.164775041576099
0.494101738132341
0.0642783127931973
0.295628786951183
0.155823441997684
0.147235042712475
0.407907682571081
0.16368124319595
0.282113770663707
0.164837888879568
0.0615576028708998
0.137770092994378
0.0371509307543866
0.0291076257144952
0.398012473117621
0.101183342163313
0.162977553837332
0.0437034982128927
0.166761079248715
0.437275863867476
0.388864290844658
0.255639675732291
0.144395045319326
0.319825553408242
0.570744860384522
0.225002308998414
0.156271524788282
0.00436725305152062
0.25127464806744
0.284216285745521
0.00842147041858632
0.0438442132497007
0.00346325166856631
0.0402289629371872
0.0294676958822683
0.163473106277288
0.0501102008613849
0.257962118831773
0.0558963346413965
0.0638129597421653
0.180025056528006
0.176131476164707
0.0129724129771292
0.0147529810964091
0.243858244103828
0.0499488139862631
